.GeocodedInformation <-
structure(list(`75c4939f6b9e586160a1868690a625e7` = structure(list(
    results = list(structure(list(address_components = list(structure(list(
        long_name = "Nepal", short_name = "NP", types = c("country", 
        "political")), .Names = c("long_name", "short_name", 
    "types"))), formatted_address = "Nepal", geometry = structure(list(
        bounds = structure(list(northeast = structure(list(lat = 30.4469452, 
            lng = 88.2015257), .Names = c("lat", "lng")), southwest = structure(list(
            lat = 26.3479661, lng = 80.0584698), .Names = c("lat", 
        "lng"))), .Names = c("northeast", "southwest")), location = structure(list(
            lat = 28.394857, lng = 84.124008), .Names = c("lat", 
        "lng")), location_type = "APPROXIMATE", viewport = structure(list(
            northeast = structure(list(lat = 30.4469452, lng = 88.2015257), .Names = c("lat", 
            "lng")), southwest = structure(list(lat = 26.3479661, 
                lng = 80.0584698), .Names = c("lat", "lng"))), .Names = c("northeast", 
        "southwest"))), .Names = c("bounds", "location", "location_type", 
    "viewport")), place_id = "ChIJz2gufcfolTkR3obM0LyaojQ", types = c("country", 
    "political")), .Names = c("address_components", "formatted_address", 
    "geometry", "place_id", "types"))), status = "OK"), .Names = c("results", 
"status"))), .Names = "75c4939f6b9e586160a1868690a625e7")
.GoogleGeocodeQueryCount <-
structure(list(time = structure(1450862400.7986, class = c("POSIXct", 
"POSIXt")), url = "75c4939f6b9e586160a1868690a625e7", elements = 1), .Names = c("time", 
"url", "elements"), row.names = c(NA, -1L), class = "data.frame")
.Random.seed <-
c(403L, 356L, 1605862707L, -1907818222L, -555768414L, -546614556L, 
407599473L, -1236285091L, -1054604654L, -2047418731L, 394438265L, 
-687206893L, -1347737875L, 1794511295L, -1718430692L, 1898384967L, 
205885797L, -1410061146L, 771533584L, 1621523512L, 361323901L, 
-372390335L, -44218498L, -1524174797L, -1085044713L, 796957284L, 
-399354873L, -1926302013L, -785376040L, 495988486L, -1634700313L, 
111473056L, -107209334L, -370282665L, 1714017579L, 1975471575L, 
-702792933L, -1803348729L, -2004913221L, -2095938481L, -1222720839L, 
190583131L, 247389221L, -1776953900L, -1785495037L, 1132766563L, 
-2047599262L, 1672774573L, -1395068427L, -1696824877L, 844067815L, 
-1230585437L, -1432132908L, 1094718131L, 1963744350L, -1302539988L, 
1940201430L, 2053468435L, -862872905L, -1888452789L, 646040464L, 
1395669168L, -854534555L, 723412385L, 2076058949L, 759450574L, 
-223087427L, 313526512L, 987512003L, -151613470L, -1896616724L, 
-1702140796L, -1691061357L, 757921431L, -1145581547L, -1038930528L, 
1857105386L, 1660009753L, -1356559120L, 645485856L, -952879085L, 
1348976731L, 129073729L, -2085831398L, -67835095L, -1848557144L, 
185732192L, 1590745124L, -731707255L, 1995780015L, 1022469940L, 
1888224473L, 1800153402L, -2039902710L, -1318854851L, 2109427248L, 
1210681610L, -2002874670L, 214125024L, -413277546L, 928871698L, 
-519336197L, -687578200L, -308207643L, 184349292L, 477908078L, 
1884197519L, 1294053088L, -1404324487L, 502211759L, -627084907L, 
221555697L, -340755185L, 528703741L, -630598440L, 1365598387L, 
-1420830851L, 1592592404L, 1893156965L, -2105134725L, -139927169L, 
890574255L, 1200122936L, -1935750245L, -944675415L, -987240439L, 
1674377280L, -540269214L, -1308527326L, -1637649726L, 60825844L, 
-46432704L, 451970794L, -972868891L, 1073824806L, 1092922110L, 
1987404124L, -1439765691L, -815877612L, -1033301263L, 2083230916L, 
1563933364L, 1083311726L, -1875585976L, 2139327963L, -946309467L, 
-1274929881L, -1698357293L, -231881105L, 1481879154L, 1663327248L, 
-1946026869L, -41605662L, -505755834L, 1317092055L, 1874013141L, 
302104251L, 1424344294L, 709041367L, -458222017L, 2034624061L, 
-825053355L, 75261382L, 906896117L, -418371594L, -1740126774L, 
1981331873L, -1876865776L, 1129309271L, -1899404252L, -1355749613L, 
-228119051L, -1337486066L, 1229175834L, -195028115L, -406137030L, 
785937127L, 353772740L, -630844821L, -1857659921L, -357690725L, 
971511354L, -940618714L, -1046694126L, -875663178L, 187519084L, 
-612577561L, -1199572476L, 2014634022L, 1023068821L, -1111083575L, 
1035798705L, 1508668094L, 1722387265L, -1319457500L, 1288721824L, 
-2034154103L, 1266769302L, -1173104359L, 159795046L, -1116756758L, 
1329997822L, -1500345945L, 1440331253L, 951948333L, 773692648L, 
734554310L, 521036729L, 1129629696L, 1362812460L, 855446451L, 
-131092246L, 360260480L, -533665309L, 528512994L, -363487857L, 
1711728244L, 1030542444L, -834065820L, 1378528180L, -125708034L, 
1675301538L, 2033245440L, 2037516098L, -595845093L, -170804176L, 
1529440085L, -556222545L, 1018661806L, 175528421L, 369709578L, 
1535238342L, -539166195L, 112025031L, 55189206L, -151205199L, 
-139531606L, -1360735717L, 2010899514L, -985391262L, -1162475416L, 
164124854L, 648089900L, -280249356L, 1524099857L, 644792768L, 
-466466481L, -1383287454L, 1477336136L, 2063424252L, 1283834504L, 
1640404983L, -176902069L, -1251726503L, -1978574804L, 2035879095L, 
-1911130258L, 829700977L, -1805221726L, 186238791L, -1796943880L, 
158480426L, 310121191L, 1371132054L, 342500655L, -845517217L, 
-1232444680L, -100852822L, -1217352772L, -1681981859L, -1043167994L, 
-1152300603L, 1752722948L, 1216771273L, -1477717110L, -1797022043L, 
-994961236L, -423327812L, 481165860L, 356944239L, 615669269L, 
1747218099L, 263443673L, 1692917965L, -390996579L, 1762051006L, 
1745720999L, -259154729L, 1377160941L, -240594872L, 791595609L, 
-978176524L, -621039663L, 989977821L, 273125073L, 1173705037L, 
142969177L, 1380282916L, 1647450363L, 1983023182L, 1545978038L, 
-1555153162L, 1834899902L, 1125032833L, 1765376546L, -1227589615L, 
-1204349549L, 1960414864L, 555261162L, 1178615046L, -2003111103L, 
391436192L, 204517540L, -1545955223L, -546971142L, 1562899518L, 
-16070374L, -789710537L, -376564729L, -1976769157L, 182573476L, 
683054258L, -54029710L, 1525196562L, 816353428L, 1450957295L, 
169233561L, 877382502L, -1407091310L, 1178611564L, -1501985743L, 
2125299893L, -962426446L, -1617457668L, 1298796070L, -1482447809L, 
1210965163L, -294680277L, 512168943L, -740024565L, -1557452623L, 
-819242128L, -152408598L, 1008115941L, -374203837L, 1688724421L, 
-465426592L, -792845565L, -633816991L, 2142845710L, 892064214L, 
-1163630083L, 2063593274L, 1869267804L, 2065319699L, -390631423L, 
-2015829130L, 1670491749L, -220869699L, 1678862501L, -2034549104L, 
-194961394L, 226339464L, 9570198L, 888812227L, -779637665L, 746488879L, 
-2114811744L, -1927862671L, 1797068477L, -1927359671L, -821673404L, 
183416470L, 1938193132L, 808576953L, -219131765L, -211307968L, 
-1472017496L, -131173568L, 979364133L, -615250977L, -1127921451L, 
-1671779919L, 1044208791L, -1172218035L, -1932280951L, -1671430882L, 
-1950038837L, 2032775047L, -363926863L, -1686043900L, 1980098808L, 
697410610L, 1327660881L, 824257960L, 844949892L, -1368227419L, 
212108478L, -96396338L, 1128081650L, -119410974L, -482425105L, 
-2108587985L, -830430168L, -450605301L, -1006808170L, -1328366684L, 
2060392947L, 243140707L, 1532614071L, -824752184L, -1031279223L, 
231793294L, -604273882L, 537709483L, -419657883L, -661801574L, 
-615273685L, -142108982L, -695647075L, -1399187319L, -215090257L, 
516338530L, -1095330872L, -1979242915L, 1602040154L, -445787311L, 
-1072998157L, 445188406L, 411765650L, -2029829389L, 61162053L, 
-2081194347L, -1192420716L, -1121756083L, 1091580665L, 1950706263L, 
-180890149L, 1061004558L, 783098185L, -1170875959L, -157748508L, 
356392915L, 2143680496L, -2024846097L, -412545720L, 1031770073L, 
651063067L, -710139128L, -116031969L, 986897266L, 902647686L, 
-1847537727L, -496593366L, 548587704L, 117230547L, 451491944L, 
1383535927L, 666709298L, -1833227866L, -52002674L, -736634377L, 
-2051799892L, -1814701605L, -649515960L, 1931286766L, 1495351235L, 
